0 0 0 0 0 0 0 0 0 0 0 0 0 0 0 0 0 0 0 0 0 0 0 0 0 0 0 0 0 0 0 0 0 0 0 0 0 0 
0 0 0 0 0 0 0 0 0 0 0 0 0 0 0 0 0 0 0 0 0 0 0 0 0 0 0 0 0 0 0 0 0 0 0 0 0 0 
0 0 0 0 0 0 0 0 0 0 0 0 0 0 0 0 0 0 0 0 0 0 0 0 0 0 0 0 0 0 0 0 0 0 0 0 0 0 
0 0 0 0 0 0 0 0 0 0 0 0 0 0 0 0 0 8 12 4 0 0 0 0 0 0 0 0 0 0 0 0 0 0 0 0 0 0 
0 0 0 0 0 0 0 0 0 0 0 0 0 0 0 0 8 4 0 8 4 0 0 0 0 0 0 0 0 0 0 0 0 0 0 0 0 0 
0 0 0 0 0 0 0 0 0 0 0 0 0 0 0 8 4 8 12 4 8 4 0 0 0 0 0 0 0 0 0 0 0 0 0 0 0 0 
0 0 0 0 0 0 0 0 0 0 0 0 0 0 8 4 8 4 0 8 4 8 4 0 0 0 0 0 0 0 0 0 0 0 0 0 0 0 
0 0 0 0 0 0 0 0 0 0 0 0 0 8 4 8 4 8 12 4 8 4 8 4 0 0 0 0 0 0 0 0 0 0 0 0 0 0 
0 0 0 0 0 0 0 0 0 0 0 0 8 4 8 4 8 4 0 8 4 8 4 8 4 0 0 0 0 0 0 0 0 0 0 0 0 0 
0 0 0 0 0 0 0 0 0 0 0 8 4 8 4 8 4 8 12 4 8 4 8 4 8 4 0 0 0 0 0 0 0 0 0 0 0 0 
0 0 0 0 0 0 0 0 0 0 8 4 8 4 8 4 8 4 0 8 4 8 4 8 4 8 4 0 0 0 0 0 0 0 0 0 0 0 
0 0 0 0 0 0 0 0 0 8 4 8 4 8 4 8 4 8 12 4 8 4 8 4 8 4 8 4 0 0 0 0 0 0 0 0 0 0 
0 0 0 0 0 0 0 0 8 4 8 4 8 4 8 4 8 4 0 8 4 8 4 8 4 8 4 8 4 0 0 0 0 0 0 0 0 0 
0 0 0 0 0 0 0 8 4 8 4 8 4 8 4 8 4 8 12 4 8 4 8 4 8 4 8 4 8 4 0 0 0 0 0 0 0 0 
0 0 0 0 0 0 8 4 8 4 8 4 8 4 8 4 8 4 0 8 4 8 4 8 4 8 4 8 4 8 4 0 0 0 0 0 0 0 
0 0 0 0 0 8 4 8 4 8 4 8 4 8 4 8 4 8 12 4 8 4 8 4 8 4 8 4 8 4 8 4 0 0 0 0 0 0 
0 0 0 0 8 4 8 4 8 4 8 4 8 4 8 4 8 4 0 8 4 8 4 8 4 8 4 8 4 8 4 8 4 0 0 0 0 0 
0 0 0 8 4 8 4 8 4 8 4 8 4 8 4 8 4 8 12 4 8 4 8 4 8 4 8 4 8 4 8 4 8 4 0 0 0 0 
0 0 8 4 8 4 8 4 8 4 8 4 8 4 8 4 8 4 0 8 4 8 4 8 4 8 4 8 4 8 4 8 4 8 4 0 0 0 
0 0 0 8 4 8 4 8 4 8 4 8 4 8 4 8 4 8 12 4 8 4 8 4 8 4 8 4 8 4 8 4 8 4 0 0 0 0 
0 0 0 0 8 4 8 4 8 4 8 4 8 4 8 4 8 4 0 8 4 8 4 8 4 8 4 8 4 8 4 8 4 0 0 0 0 0 
0 0 0 0 0 8 4 8 4 8 4 8 4 8 4 8 4 8 12 4 8 4 8 4 8 4 8 4 8 4 8 4 0 0 0 0 0 0 
0 0 0 0 0 0 8 4 8 4 8 4 8 4 8 4 8 4 0 8 4 8 4 8 4 8 4 8 4 8 4 0 0 0 0 0 0 0 
0 0 0 0 0 0 0 8 4 8 4 8 4 8 4 8 4 8 12 4 8 4 8 4 8 4 8 4 8 4 0 0 0 0 0 0 0 0 
0 0 0 0 0 0 0 0 8 4 8 4 8 4 8 4 8 4 0 8 4 8 4 8 4 8 4 8 4 0 0 0 0 0 0 0 0 0 
0 0 0 0 0 0 0 0 0 8 4 8 4 8 4 8 4 8 12 4 8 4 8 4 8 4 8 4 0 0 0 0 0 0 0 0 0 0 
0 0 0 0 0 0 0 0 0 0 8 4 8 4 8 4 8 4 0 8 4 8 4 8 4 8 4 0 0 0 0 0 0 0 0 0 0 0 
0 0 0 0 0 0 0 0 0 0 0 8 4 8 4 8 4 8 12 4 8 4 8 4 8 4 0 0 0 0 0 0 0 0 0 0 0 0 
0 0 0 0 0 0 0 0 0 0 0 0 8 4 8 4 8 4 0 8 4 8 4 8 4 0 0 0 0 0 0 0 0 0 0 0 0 0 
0 0 0 0 0 0 0 0 0 0 0 0 0 8 4 8 4 8 12 4 8 4 8 4 0 0 0 0 0 0 0 0 0 0 0 0 0 0 
0 0 0 0 0 0 0 0 0 0 0 0 0 0 8 4 8 4 0 8 4 8 4 0 0 0 0 0 0 0 0 0 0 0 0 0 0 0 
0 0 0 0 0 0 0 0 0 0 0 0 0 0 0 8 4 8 12 4 8 4 0 0 0 0 0 0 0 0 0 0 0 0 0 0 0 0 
0 0 0 0 0 0 0 0 0 0 0 0 0 0 0 0 8 4 0 8 4 0 0 0 0 0 0 0 0 0 0 0 0 0 0 0 0 0 
0 0 0 0 0 0 0 0 0 0 0 0 0 0 0 0 0 8 12 4 0 0 0 0 0 0 0 0 0 0 0 0 0 0 0 0 0 0 
0 0 0 0 0 0 0 0 0 0 0 0 0 0 0 0 0 0 0 0 0 0 0 0 0 0 0 0 0 0 0 0 0 0 0 0 0 0 
0 0 0 0 0 0 0 0 0 0 0 0 0 0 0 0 0 0 0 0 0 0 0 0 0 0 0 0 0 0 0 0 0 0 0 0 0 0 
0 0 0 0 0 0 0 0 0 0 0 0 0 0 0 0 0 0 0 0 0 0 0 0 0 0 0 0 0 0 0 0 0 0 0 0 0 0 
0 0 0 0 0 0 0 0 0 0 0 0 0 0 0 0 0 0 0 0 0 0 0 0 0 0 0 0 0 0 0 0 0 0 0 0 0 0 
